1,0.08,0.14,0.08,0.35,0.26,0.06,0.12,0.18,0.27,0.27,0.03,0.74,0.08,0.13,-0.05,0.10,0.20,0.29,0.0,0.10,0.02,0.20,0.05,0.04,0.27
0.08,1,0.36,0.10,0.07,0.06,0.14,0.05,0.06,0.07,0.07,0.05,0.00,0.27,0.08,0.05,0.13,0.09,0.06,0.0,0.05,0.10,0.20,0.14,0.14,0.06
0.14,0.36,1,0.28,0.09,0.17,0.10,0.08,0.10,0.04,0.18,0.04,0.14,0.52,0.02,0.01,0.09,0.46,0.15,0.0,0.03,0.05,0.46,0.75,0.03,0.14
0.08,0.10,0.28,1,0.06,0.18,0.18,0.13,0.21,0.16,0.18,0.05,0.28,0.13,0.03,0.09,0.30,0.28,0.21,0.0,0.12,0.05,0.28,0.15,0.05,0.24
0.35,0.07,0.09,0.06,1,0.10,0.10,0.22,0.12,0.15,0.29,-0.03,0.27,0.07,0.08,-0.04,0.12,0.12,0.47,0.0,0.12,0.09,0.12,0.07,0.24,0.11
0.26,0.06,0.17,0.18,0.10,1,0.07,0.13,0.15,0.19,0.22,0.07,0.36,0.13,0.11,0.02,0.16,0.20,0.17,0.0,0.16,0.08,0.20,0.11,0.57,0.24
0.06,0.14,0.10,0.18,0.10,0.07,1,0.22,0.05,0.07,0.11,0.05,0.02,0.12,0.14,0.08,0.09,0.03,0.25,0.0,0.07,0.01,0.03,-0.07,0.02,0.63
0.12,0.05,0.08,0.13,0.22,0.13,0.22,1,0.10,0.12,0.20,0.09,0.13,0.15,0.36,0.01,0.17,0.09,0.40,0.0,0.12,0.11,0.09,0.10,0.07,0.20
0.18,0.06,0.10,0.21,0.12,0.15,0.05,0.10,1,0.09,0.10,0.06,0.21,0.09,0.01,0.41,0.18,0.10,0.22,0.0,0.09,0.03,0.12,0.06,0.12,0.12
0.27,0.07,0.04,0.16,0.15,0.19,0.07,0.12,0.09,1,0.11,0.02,0.16,-0.07,0.02,-0.03,0.27,0.00,0.15,0.0,0.12,0.00,0.00,0.06,0.24,0.03
0.27,0.07,0.18,0.18,0.29,0.22,0.11,0.20,0.10,0.11,1,0.02,0.09,0.06,0.11,0.02,0.49,0.04,0.20,0.0,0.07,0.04,0.03,0.03,0.15,0.10
0.03,0.05,0.04,0.05,-0.03,0.07,0.05,0.09,0.06,0.02,0.02,1,0.05,0.04,-0.01,0.01,0.07,-0.06,0.10,0.0,0.08,-0.05,-0.04,-0.03,0.03,0.04
0.74,0.00,0.14,0.28,0.27,0.36,0.02,0.13,0.21,0.16,0.09,0.05,1,0.20,0.15,0.02,0.13,0.33,0.18,0.0,0.19,0.06,0.33,0.27,0.17,0.23
0.08,0.27,0.52,0.13,0.07,0.13,0.12,0.15,0.09,-0.07,0.06,0.04,0.20,1,0.01,0.04,0.22,0.12,0.05,0.0,0.04,0.11,0.12,0.38,0.06,0.17
0.13,0.08,0.02,0.03,0.08,0.11,0.14,0.36,0.01,0.02,0.11,-0.01,0.15,0.01,1,0.06,0.11,0.13,0.25,0.0,0.03,0.02,0.08,0.05,0.06,0.07
-0.05,0.05,0.01,0.09,-0.04,0.02,0.08,0.01,0.41,-0.03,0.02,0.01,0.02,0.04,0.06,1,0.06,0.07,0.06,0.0,0.02,-0.04,0.06,0.06,-0.03,0.02
0.10,0.13,0.09,0.30,0.12,0.16,0.09,0.17,0.18,0.27,0.49,0.07,0.13,0.22,0.11,0.06,1,0.07,0.28,0.0,0.16,0.16,0.07,0.10,0.10,0.27
0.20,0.09,0.46,0.28,0.12,0.20,0.03,0.09,0.10,0.00,0.04,-0.06,0.33,0.12,0.13,0.07,0.07,1,0.05,0.0,0.12,0.03,1.00,0.53,0.12,0.22
0.29,0.06,0.15,0.21,0.47,0.17,0.25,0.40,0.22,0.15,0.20,0.10,0.18,0.05,0.25,0.06,0.28,0.05,1,0.0,0.13,0.07,0.06,0.14,0.15,0.27
0.0,0.0,0.0,0.0,0.0,0.0,0.0,0.0,0.0,0.0,0.0,0.0,0.0,0.0,0.0,0.0,0.0,0.0,0.0,0.0,0.0,0.0,0.0,0.0,0.0,0.0
0.10,0.05,0.03,0.12,0.12,0.16,0.07,0.12,0.09,0.12,0.07,0.08,0.19,0.04,0.03,0.02,0.16,0.12,0.13,0.0,1,0.10,0.12,0.02,0.07,0.17
0.02,0.10,0.05,0.05,0.09,0.08,0.01,0.11,0.03,0.00,0.04,-0.05,0.06,0.11,0.02,-0.04,0.16,0.03,0.07,0.0,0.10,1,0.07,0.04,0.11,0.08
0.20,0.20,0.46,0.28,0.12,0.20,0.03,0.09,0.12,0.00,0.03,-0.04,0.33,0.12,0.08,0.06,0.07,1.00,0.06,0.0,0.12,0.07,1,0.53,0.12,0.22
0.05,0.14,0.75,0.15,0.07,0.11,-0.07,0.10,0.06,0.06,0.03,-0.03,0.27,0.38,0.05,0.06,0.10,0.53,0.14,0.0,0.02,0.04,0.53,1,0.02,0.03
0.04,0.14,0.03,0.05,0.24,0.57,0.02,0.07,0.12,0.24,0.15,0.03,0.17,0.06,0.06,-0.03,0.10,0.12,0.15,0.0,0.07,0.11,0.12,0.02,1,0.07
0.27,0.06,0.14,0.24,0.11,0.24,0.63,0.20,0.12,0.03,0.10,0.04,0.23,0.17,0.07,0.02,0.27,0.22,0.27,0.0,0.17,0.08,0.22,0.03,0.07,1
