1,0.44,0.25,0.14,0.32,0.32,0.11,0.42
0.44,1,0.31,0.25,0.57,0.52,0.23,0.72
0.25,0.31,1,0.28,0.23,0.22,0.03,0.26
0.14,0.25,0.28,1,0.23,0.19,0.07,0.17
0.32,0.57,0.23,0.23,1,0.31,0.14,0.47
0.32,0.52,0.22,0.19,0.31,1,0.11,0.47
0.11,0.23,0.03,0.07,0.14,0.11,1,0.16
0.42,0.72,0.26,0.17,0.47,0.47,0.16,1
