N/A,N/A,N/A,N/A,N/A,N/A,N/A,N/A,N/A,N/A
N/A,1,0.98,0.52,0.56,0.34,0.81,0.07,0.97,0.28
N/A,0.98,1,0.52,0.56,0.33,0.81,0.07,0.97,0.27
N/A,0.52,0.52,1,0.97,0.30,0.46,0.16,0.52,0.12
N/A,0.56,0.56,0.97,1,0.35,0.49,0.15,0.56,0.15
N/A,0.34,0.33,0.30,0.35,1,0.39,0.00,0.33,0.03
N/A,0.81,0.81,0.46,0.49,0.39,1,0.02,0.81,0.20
N/A,0.07,0.07,0.16,0.15,0.00,0.02,1,0.06,-0.01
N/A,0.97,0.97,0.52,0.56,0.33,0.81,0.06,1,0.34
N/A,0.28,0.27,0.12,0.15,0.03,0.20,-0.01,0.34,1
