1,0.22,0.14,0.07,-0.02,0.15,0.14,0.13,-0.04,0.14,0.06,0.02,0.04,0.17,-0.01,0.10
0.22,1,0.08,0.14,0.12,0.20,0.17,0.12,0.04,0.15,-0.00,0.15,0.01,0.08,-0.00,0.02
0.14,0.08,1,-0.01,0.01,0.10,0.11,-0.00,0.02,0.11,0.11,0.01,0.01,0.10,0.00,0.14
0.07,0.14,-0.01,1,0.01,0.03,0.08,0.01,-0.03,0.01,0.01,-0.02,-0.01,0.23,0.01,-0.02
-0.02,0.12,0.01,0.01,1,-0.00,0.12,-0.03,0.04,-0.00,-0.01,-0.00,0.00,0.10,-0.02,-0.01
0.15,0.20,0.10,0.03,-0.00,1,0.23,-0.01,0.08,-0.01,0.07,0.10,0.00,0.03,0.26,0.17
0.14,0.17,0.11,0.08,0.12,0.23,1,0.01,0.10,0.13,0.03,-0.02,0.01,0.02,0.10,0.11
0.13,0.12,-0.00,0.01,-0.03,-0.01,0.01,1,0.01,0.12,0.02,0.02,0.05,-0.04,-0.05,0.05
-0.04,0.04,0.02,-0.03,0.04,0.08,0.10,0.01,1,-0.06,0.09,0.07,0.08,-0.01,-0.03,0.02
0.14,0.15,0.11,0.01,-0.00,-0.01,0.13,0.12,-0.06,1,0.01,0.08,-0.05,-0.02,0.05,0.03
0.06,-0.00,0.11,0.01,-0.01,0.07,0.03,0.02,0.09,0.01,1,0.07,0.05,0.01,0.04,0.05
0.02,0.15,0.01,-0.02,-0.00,0.10,-0.02,0.02,0.07,0.08,0.07,1,0.03,-0.03,0.13,-0.04
0.04,0.01,0.01,-0.01,0.00,0.00,0.01,0.05,0.08,-0.05,0.05,0.03,1,0.09,0.01,0.01
0.17,0.08,0.10,0.23,0.10,0.03,0.02,-0.04,-0.01,-0.02,0.01,-0.03,0.09,1,0.05,0.01
-0.01,-0.00,0.00,0.01,-0.02,0.26,0.10,-0.05,-0.03,0.05,0.04,0.13,0.01,0.05,1,0.01
0.10,0.02,0.14,-0.02,-0.01,0.17,0.11,0.05,0.02,0.03,0.05,-0.04,0.01,0.01,0.01,1
