1,0.78,0.22,0.86,0.30,0.39,0.17,0.90,0.16,0.84
0.78,1,0.17,0.76,0.34,0.39,0.10,0.79,0.12,0.72
0.22,0.17,1,0.24,0.01,0.17,0.04,0.25,0.01,0.21
0.86,0.76,0.24,1,0.27,0.39,0.21,0.92,0.16,0.85
0.30,0.34,0.01,0.27,1,0.23,0.01,0.30,0.01,0.27
0.39,0.39,0.17,0.39,0.23,1,0.08,0.44,0.04,0.37
0.17,0.10,0.04,0.21,0.01,0.08,1,0.19,0.08,0.17
0.90,0.79,0.25,0.92,0.30,0.44,0.19,1,0.14,0.87
0.16,0.12,0.01,0.16,0.01,0.04,0.08,0.14,1,0.12
0.84,0.72,0.21,0.85,0.27,0.37,0.17,0.87,0.12,1
