1,0.39,0.27,0.64,0.72,0.44,0.92,0.21,0.81
0.39,1,0.26,0.26,0.32,0.24,0.42,0.21,0.38
0.27,0.26,1,0.20,0.25,0.13,0.27,0.05,0.27
0.64,0.26,0.20,1,0.48,0.23,0.68,0.15,0.72
0.72,0.32,0.25,0.48,1,0.38,0.78,0.14,0.71
0.44,0.24,0.13,0.23,0.38,1,0.47,0.09,0.38
0.92,0.42,0.27,0.68,0.78,0.47,1,0.21,0.87
0.21,0.21,0.05,0.15,0.14,0.09,0.21,1,0.23
0.81,0.38,0.27,0.72,0.71,0.38,0.87,0.23,1
