1,0.15,0.02,0.11,0.03,0.00,N/A,-0.01,0.10,-0.00,0.08,0.01,0.02,-0.01,0.10,-0.01,0.07,0.02,-0.03,0.15,0.02,0.03,0.08,0.04
0.15,1,-0.01,0.07,-0.00,-0.01,N/A,0.05,0.17,0.00,-0.03,0.01,0.20,0.03,0.14,0.09,0.05,-0.02,-0.06,0.12,0.07,-0.01,0.07,0.11
0.02,-0.01,1,0.07,0.10,0.03,N/A,0.05,0.03,0.02,0.03,0.03,0.04,0.03,0.02,0.04,-0.04,-0.07,0.04,0.07,-0.02,0.01,0.05,0.01
0.11,0.07,0.07,1,0.05,0.04,N/A,0.04,0.16,0.01,0.11,0.03,0.26,0.11,0.33,0.05,0.02,-0.02,0.10,0.24,0.09,0.02,0.22,-0.00
0.03,-0.00,0.10,0.05,1,-0.16,N/A,-0.02,0.06,-0.01,0.04,-0.01,0.08,-0.00,-0.02,-0.03,-0.02,0.02,-0.05,0.16,0.14,-0.01,0.03,0.06
0.00,-0.01,0.03,0.04,-0.16,1,N/A,0.01,-0.01,0.02,0.08,0.01,0.03,0.07,0.07,-0.05,0.33,0.03,0.13,0.11,0.14,-0.01,0.04,0.03
N/A,N/A,N/A,N/A,N/A,N/A,N/A,N/A,N/A,N/A,N/A,N/A,N/A,N/A,N/A,N/A,N/A,N/A,N/A,N/A,N/A,N/A,N/A,N/A
-0.01,0.05,0.05,0.04,-0.02,0.01,N/A,1,0.14,0.00,0.04,-0.08,0.01,0.81,0.02,-0.02,-0.05,0.00,0.06,0.04,0.06,-0.04,0.04,0.06
0.10,0.17,0.03,0.16,0.06,-0.01,N/A,0.14,1,0.00,0.06,0.03,0.16,0.11,0.22,0.03,0.01,0.06,0.02,0.17,0.08,0.00,0.22,-0.00
-0.00,0.00,0.02,0.01,-0.01,0.02,N/A,0.00,0.00,1,-0.01,0.04,0.00,0.00,0.02,-0.01,-0.01,0.00,-0.03,0.01,0.02,-0.00,-0.00,-0.01
0.08,-0.03,0.03,0.11,0.04,0.08,N/A,0.04,0.06,-0.01,1,-0.02,0.05,0.13,0.05,0.02,-0.05,0.01,0.05,0.19,0.02,-0.02,0.07,0.09
0.01,0.01,0.03,0.03,-0.01,0.01,N/A,-0.08,0.03,0.04,-0.02,1,0.03,-0.00,0.05,0.06,0.05,-0.03,0.07,0.14,0.11,0.10,-0.01,0.01
0.02,0.20,0.04,0.26,0.08,0.03,N/A,0.01,0.16,0.00,0.05,0.03,1,0.01,0.17,0.23,0.09,-0.01,0.08,0.18,0.06,-0.02,0.17,0.04
-0.01,0.03,0.03,0.11,-0.00,0.07,N/A,0.81,0.11,0.00,0.13,-0.00,0.01,1,0.03,-0.02,-0.03,0.01,0.25,0.09,0.05,-0.06,0.13,0.00
0.10,0.14,0.02,0.33,-0.02,0.07,N/A,0.02,0.22,0.02,0.05,0.05,0.17,0.03,1,0.03,0.01,0.05,0.14,0.22,0.09,0.13,0.15,0.05
-0.01,0.09,0.04,0.05,-0.03,-0.05,N/A,-0.02,0.03,-0.01,0.02,0.06,0.23,-0.02,0.03,1,0.02,-0.05,0.11,0.04,0.02,0.06,-0.00,0.08
0.07,0.05,-0.04,0.02,-0.02,0.33,N/A,-0.05,0.01,-0.01,-0.05,0.05,0.09,-0.03,0.01,0.02,1,-0.03,-0.04,0.03,0.02,-0.00,0.03,-0.05
0.02,-0.02,-0.07,-0.02,0.02,0.03,N/A,0.00,0.06,0.00,0.01,-0.03,-0.01,0.01,0.05,-0.05,-0.03,1,0.07,0.09,0.05,0.01,0.01,0.04
-0.03,-0.06,0.04,0.10,-0.05,0.13,N/A,0.06,0.02,-0.03,0.05,0.07,0.08,0.25,0.14,0.11,-0.04,0.07,1,0.12,0.18,-0.02,0.05,-0.05
0.15,0.12,0.07,0.24,0.16,0.11,N/A,0.04,0.17,0.01,0.19,0.14,0.18,0.09,0.22,0.04,0.03,0.09,0.12,1,0.17,0.08,0.14,0.10
0.02,0.07,-0.02,0.09,0.14,0.14,N/A,0.06,0.08,0.02,0.02,0.11,0.06,0.05,0.09,0.02,0.02,0.05,0.18,0.17,1,0.13,-0.03,0.02
0.03,-0.01,0.01,0.02,-0.01,-0.01,N/A,-0.04,0.00,-0.00,-0.02,0.10,-0.02,-0.06,0.13,0.06,-0.00,0.01,-0.02,0.08,0.13,1,0.05,-0.00
0.08,0.07,0.05,0.22,0.03,0.04,N/A,0.04,0.22,-0.00,0.07,-0.01,0.17,0.13,0.15,-0.00,0.03,0.01,0.05,0.14,-0.03,0.05,1,-0.04
0.04,0.11,0.01,-0.00,0.06,0.03,N/A,0.06,-0.00,-0.01,0.09,0.01,0.04,0.00,0.05,0.08,-0.05,0.04,-0.05,0.10,0.02,-0.00,-0.04,1
