N/A,N/A,N/A,N/A,N/A,N/A,N/A,N/A,N/A,N/A
N/A,1,0.22,0.46,0.51,0.51,0.46,N/A,0.50,0.09
N/A,0.22,1,0.18,0.18,0.26,0.18,N/A,0.19,0.06
N/A,0.46,0.18,1,0.75,0.61,0.59,N/A,0.68,0.19
N/A,0.51,0.18,0.75,1,0.75,0.71,N/A,0.77,0.27
N/A,0.51,0.26,0.61,0.75,1,0.65,N/A,0.67,0.26
N/A,0.46,0.18,0.59,0.71,0.65,1,N/A,0.66,0.18
N/A,N/A,N/A,N/A,N/A,N/A,N/A,N/A,N/A,N/A
N/A,0.50,0.19,0.68,0.77,0.67,0.66,N/A,1,0.21
N/A,0.09,0.06,0.19,0.27,0.26,0.18,N/A,0.21,1
