1,0.01,0.01,0.16,0.64,0.03,0.04,0.18,0.07
0.01,1,0.15,0.14,0.11,0.10,0.13,0.34,0.10
0.01,0.15,1,0.14,0.01,0.26,0.20,0.05,0.11
0.16,0.14,0.14,1,0.29,0.24,0.15,0.23,0.22
0.64,0.11,0.01,0.29,1,0.09,0.09,0.08,0.14
0.03,0.10,0.26,0.24,0.09,1,0.17,0.08,0.13
0.04,0.13,0.20,0.15,0.09,0.17,1,0.22,0.27
0.18,0.34,0.05,0.23,0.08,0.08,0.22,1,0.14
0.07,0.10,0.11,0.22,0.14,0.13,0.27,0.14,1
