N/A,N/A,N/A,N/A,N/A,N/A,N/A,N/A,N/A
N/A,1,0.29,0.29,0.04,0.15,0.30,0.25,0.16
N/A,0.29,1,0.19,0.08,0.36,0.17,0.79,0.44
N/A,0.29,0.19,1,0.13,0.31,0.28,0.14,0.04
N/A,0.04,0.08,0.13,1,0.16,0.21,0.12,-0.01
N/A,0.15,0.36,0.31,0.16,1,0.12,0.41,0.24
N/A,0.30,0.17,0.28,0.21,0.12,1,0.20,0.10
N/A,0.25,0.79,0.14,0.12,0.41,0.20,1,0.42
N/A,0.16,0.44,0.04,-0.01,0.24,0.10,0.42,1
