N/A,N/A,N/A,N/A,N/A,N/A,N/A,N/A,N/A,N/A
N/A,1,0.99,0.44,0.45,0.29,0.80,0.06,0.98,0.26
N/A,0.99,1,0.44,0.44,0.28,0.79,0.06,0.99,0.27
N/A,0.44,0.44,1,0.87,0.22,0.44,0.01,0.47,0.07
N/A,0.45,0.44,0.87,1,0.23,0.46,0.02,0.47,0.05
N/A,0.29,0.28,0.22,0.23,1,0.38,0.20,0.29,0.02
N/A,0.80,0.79,0.44,0.46,0.38,1,0.01,0.81,0.22
N/A,0.06,0.06,0.01,0.02,0.20,0.01,1,0.06,0.00
N/A,0.98,0.99,0.47,0.47,0.29,0.81,0.06,1,0.27
N/A,0.26,0.27,0.07,0.05,0.02,0.22,0.00,0.27,1
