1,0.24,0.18,0.21,N/A,0.14,0.24,0.26,0.69,0.63
0.24,1,0.17,0.46,N/A,0.05,0.12,0.32,0.35,0.34
0.18,0.17,1,0.11,N/A,-0.01,0.31,-0.00,0.15,0.14
0.21,0.46,0.11,1,N/A,0.02,0.20,0.27,0.31,0.31
N/A,N/A,N/A,N/A,N/A,N/A,N/A,N/A,N/A,N/A
0.14,0.05,-0.01,0.02,N/A,1,0.04,0.06,0.13,0.02
0.24,0.12,0.31,0.20,N/A,0.04,1,0.06,0.31,0.24
0.26,0.32,-0.00,0.27,N/A,0.06,0.06,1,0.26,0.23
0.69,0.35,0.15,0.31,N/A,0.13,0.31,0.26,1,0.84
0.63,0.34,0.14,0.31,N/A,0.02,0.24,0.23,0.84,1
