1,0.03,0.22,0.17,0.28,0.27,0.45,0.52,N/A
0.03,1,0.03,0.01,0.10,0.00,0.03,0.01,N/A
0.22,0.03,1,0.31,0.40,0.10,0.13,0.26,N/A
0.17,0.01,0.31,1,0.36,0.09,0.23,0.25,N/A
0.28,0.10,0.40,0.36,1,0.26,0.25,0.22,N/A
0.27,0.00,0.10,0.09,0.26,1,0.25,0.13,N/A
0.45,0.03,0.13,0.23,0.25,0.25,1,0.29,N/A
0.52,0.01,0.26,0.25,0.22,0.13,0.29,1,N/A
N/A,N/A,N/A,N/A,N/A,N/A,N/A,N/A,N/A
