N/A,N/A,N/A,N/A,N/A,N/A,N/A,N/A
N/A,1,0.17,0.07,0.27,0.28,0.06,0.25
N/A,0.17,1,0.03,0.06,-0.01,-0.02,0.02
N/A,0.07,0.03,1,0.19,0.14,0.12,0.15
N/A,0.27,0.06,0.19,1,0.43,0.20,0.14
N/A,0.28,-0.01,0.14,0.43,1,0.17,0.15
N/A,0.06,-0.02,0.12,0.20,0.17,1,0.10
N/A,0.25,0.02,0.15,0.14,0.15,0.10,1
