1,0.50,0.32,0.74,0.77,0.48,0.92,0.26,0.86
0.50,1,0.13,0.39,0.44,0.40,0.50,0.27,0.49
0.32,0.13,1,0.27,0.30,0.15,0.30,0.04,0.30
0.74,0.39,0.27,1,0.68,0.29,0.77,0.16,0.83
0.77,0.44,0.30,0.68,1,0.39,0.77,0.23,0.77
0.48,0.40,0.15,0.29,0.39,1,0.45,0.14,0.39
0.92,0.50,0.30,0.77,0.77,0.45,1,0.27,0.91
0.26,0.27,0.04,0.16,0.23,0.14,0.27,1,0.24
0.86,0.49,0.30,0.83,0.77,0.39,0.91,0.24,1
