1,0.10,0.20,0.01,-0.03,0.13,-0.02,0.10
0.10,1,0.14,0.02,0.22,0.28,0.23,0.29
0.20,0.14,1,0.02,0.26,0.17,0.10,0.24
0.01,0.02,0.02,1,0.08,0.05,0.04,0.03
-0.03,0.22,0.26,0.08,1,0.13,0.17,0.21
0.13,0.28,0.17,0.05,0.13,1,0.17,0.24
-0.02,0.23,0.10,0.04,0.17,0.17,1,0.08
0.10,0.29,0.24,0.03,0.21,0.24,0.08,1
