1,0.13,0.37,0.20,0.12,0.14,0.41,0.36
0.13,1,0.00,0.28,0.01,0.02,0.04,-0.03
0.37,0.00,1,0.25,0.12,0.17,0.58,0.55
0.20,0.28,0.25,1,0.22,0.20,0.40,0.19
0.12,0.01,0.12,0.22,1,0.01,0.26,0.10
0.14,0.02,0.17,0.20,0.01,1,0.38,0.22
0.41,0.04,0.58,0.40,0.26,0.38,1,0.52
0.36,-0.03,0.55,0.19,0.10,0.22,0.52,1
