1,0.30,0.06,0.10,0.27,0.25,0.07,0.25
0.30,1,0.29,0.23,0.49,0.59,0.11,0.64
0.06,0.29,1,0.04,0.18,0.16,-0.00,0.25
0.10,0.23,0.04,1,0.21,0.10,-0.03,0.10
0.27,0.49,0.18,0.21,1,0.38,0.06,0.39
0.25,0.59,0.16,0.10,0.38,1,0.09,0.47
0.07,0.11,-0.00,-0.03,0.06,0.09,1,0.10
0.25,0.64,0.25,0.10,0.39,0.47,0.10,1
