1,0.45,0.24,0.30,0.30,0.07,0.30,0.35,0.54,0.22
0.45,1,0.10,0.21,0.21,0.01,0.13,0.28,0.49,0.12
0.24,0.10,1,0.06,0.15,0.01,0.14,0.01,0.15,0.07
0.30,0.21,0.06,1,0.12,0.11,0.18,0.11,0.13,0.50
0.30,0.21,0.15,0.12,1,0.00,0.17,0.28,0.44,0.07
0.07,0.01,0.01,0.11,0.00,1,0.29,0.03,0.05,0.05
0.30,0.13,0.14,0.18,0.17,0.29,1,0.16,0.32,0.14
0.35,0.28,0.01,0.11,0.28,0.03,0.16,1,0.36,0.13
0.54,0.49,0.15,0.13,0.44,0.05,0.32,0.36,1,0.17
0.22,0.12,0.07,0.50,0.07,0.05,0.14,0.13,0.17,1
