1,0.57,0.19,0.73,0.67,0.39,0.86,0.42,0.77
0.57,1,0.21,0.43,0.43,0.33,0.51,0.28,0.54
0.19,0.21,1,0.12,0.10,0.08,0.13,0.00,0.23
0.73,0.43,0.12,1,0.45,0.20,0.74,0.40,0.83
0.67,0.43,0.10,0.45,1,0.47,0.81,0.46,0.61
0.39,0.33,0.08,0.20,0.47,1,0.45,0.17,0.29
0.86,0.51,0.13,0.74,0.81,0.45,1,0.46,0.81
0.42,0.28,0.00,0.40,0.46,0.17,0.46,1,0.46
0.77,0.54,0.23,0.83,0.61,0.29,0.81,0.46,1
