1,0.24,0.18,0.05,0.33,0.21,0.09,0.18
0.24,1,0.24,0.27,0.44,0.57,0.09,0.49
0.18,0.24,1,0.03,0.14,0.14,0.07,0.24
0.05,0.27,0.03,1,0.23,0.03,0.04,0.14
0.33,0.44,0.14,0.23,1,0.27,0.07,0.30
0.21,0.57,0.14,0.03,0.27,1,0.01,0.57
0.09,0.09,0.07,0.04,0.07,0.01,1,0.11
0.18,0.49,0.24,0.14,0.30,0.57,0.11,1
