1,0.06,0.16,0.12,0.02,0.09,-0.00,0.08,0.31,0.28,-0.00,0.03,0.01,0.06,0.13,0.04,0.03,0.21,-0.04,-0.06
0.06,1,0.04,0.18,0.07,-0.04,-0.00,-0.05,0.07,0.04,0.05,-0.08,0.01,0.05,0.23,-0.11,0.01,-0.02,0.15,-0.15
0.16,0.04,1,0.60,0.37,0.10,0.09,0.26,-0.04,0.20,0.12,0.03,0.18,0.17,0.18,-0.06,0.05,0.04,0.04,0.07
0.12,0.18,0.60,1,0.33,0.26,0.10,0.43,0.05,0.16,0.10,-0.05,0.21,0.11,0.31,0.02,0.14,0.01,0.32,0.30
0.02,0.07,0.37,0.33,1,0.19,0.02,0.38,-0.11,0.19,0.14,-0.00,0.20,0.12,0.19,0.04,0.13,-0.06,0.06,-0.05
0.09,-0.04,0.10,0.26,0.19,1,0.05,0.24,0.03,0.15,0.05,-0.01,0.06,0.02,0.02,0.03,0.10,-0.01,0.32,0.16
-0.00,-0.00,0.09,0.10,0.02,0.05,1,0.14,0.01,0.02,0.55,0.00,0.19,0.50,0.08,0.03,0.14,0.05,0.06,0.09
0.08,-0.05,0.26,0.43,0.38,0.24,0.14,1,0.03,0.01,0.24,-0.04,0.21,0.25,0.15,-0.03,0.06,0.01,0.10,0.12
0.31,0.07,-0.04,0.05,-0.11,0.03,0.01,0.03,1,-0.04,0.03,0.01,0.07,-0.01,-0.04,0.25,-0.06,0.16,0.01,-0.02
0.28,0.04,0.20,0.16,0.19,0.15,0.02,0.01,-0.04,1,0.02,0.04,0.25,0.00,0.15,0.15,0.00,0.29,0.14,-0.01
-0.00,0.05,0.12,0.10,0.14,0.05,0.55,0.24,0.03,0.02,1,-0.03,0.20,0.76,0.13,0.07,0.01,-0.02,0.02,0.08
0.03,-0.08,0.03,-0.05,-0.00,-0.01,0.00,-0.04,0.01,0.04,-0.03,1,0.15,0.01,0.04,-0.04,0.00,0.11,-0.01,0.01
0.01,0.01,0.18,0.21,0.20,0.06,0.19,0.21,0.07,0.25,0.20,0.15,1,0.29,0.24,0.04,0.16,0.19,0.07,0.12
0.06,0.05,0.17,0.11,0.12,0.02,0.50,0.25,-0.01,0.00,0.76,0.01,0.29,1,0.11,-0.01,0.02,-0.04,-0.06,0.14
0.13,0.23,0.18,0.31,0.19,0.02,0.08,0.15,-0.04,0.15,0.13,0.04,0.24,0.11,1,0.02,0.05,0.30,0.03,0.08
0.04,-0.11,-0.06,0.02,0.04,0.03,0.03,-0.03,0.25,0.15,0.07,-0.04,0.04,-0.01,0.02,1,-0.04,0.17,-0.02,0.05
0.03,0.01,0.05,0.14,0.13,0.10,0.14,0.06,-0.06,0.00,0.01,0.00,0.16,0.02,0.05,-0.04,1,-0.00,0.05,0.01
0.21,-0.02,0.04,0.01,-0.06,-0.01,0.05,0.01,0.16,0.29,-0.02,0.11,0.19,-0.04,0.30,0.17,-0.00,1,-0.06,-0.05
-0.04,0.15,0.04,0.32,0.06,0.32,0.06,0.10,0.01,0.14,0.02,-0.01,0.07,-0.06,0.03,-0.02,0.05,-0.06,1,0.18
-0.06,-0.15,0.07,0.30,-0.05,0.16,0.09,0.12,-0.02,-0.01,0.08,0.01,0.12,0.14,0.08,0.05,0.01,-0.05,0.18,1
