1,N/A,0.06,0.09,N/A,0.12,0.11,-0.00,N/A,0.08,0.07,0.03,0.14,0.26,N/A,0.14,0.05,0.22,0.07,0.12,0.14,0.12,0.04,0.06,0.08,0.15,0.12,0.12,N/A,N/A,-0.07,0.32,N/A,0.09,0.16,0.10,0.24,0.22,0.12,0.16,0.03,0.00,N/A,-0.08,N/A,0.08,0.18,-0.01,0.03,0.13,0.03,-0.01,0.10,0.11,0.06,-0.07,0.06,-0.01,0.19,0.16,0.03,0.12,0.22,0.11,0.08,0.20
N/A,N/A,N/A,N/A,N/A,N/A,N/A,N/A,N/A,N/A,N/A,N/A,N/A,N/A,N/A,N/A,N/A,N/A,N/A,N/A,N/A,N/A,N/A,N/A,N/A,N/A,N/A,N/A,N/A,N/A,N/A,N/A,N/A,N/A,N/A,N/A,N/A,N/A,N/A,N/A,N/A,N/A,N/A,N/A,N/A,N/A,N/A,N/A,N/A,N/A,N/A,N/A,N/A,N/A,N/A,N/A,N/A,N/A,N/A,N/A,N/A,N/A,N/A,N/A,N/A,N/A
0.06,N/A,1,-0.03,N/A,0.19,0.16,0.21,N/A,-0.01,0.07,-0.03,0.31,0.12,N/A,0.41,0.30,0.34,0.35,0.06,-0.03,0.22,0.01,0.18,-0.01,0.34,0.07,0.17,N/A,N/A,0.05,0.18,N/A,0.07,0.21,0.11,0.34,0.25,0.06,0.16,0.03,0.09,N/A,0.06,N/A,0.17,0.06,0.16,0.02,0.20,0.31,0.01,0.21,0.14,0.11,0.30,0.40,0.15,0.05,0.14,0.02,0.12,0.27,0.14,0.30,0.12
0.09,N/A,-0.03,1,N/A,0.21,0.28,-0.07,N/A,0.26,0.18,0.27,0.06,0.16,N/A,0.00,0.04,0.26,0.09,-0.03,0.02,0.23,0.20,0.09,0.49,-0.06,0.18,0.10,N/A,N/A,0.11,0.17,N/A,0.64,0.25,0.06,0.30,0.07,-0.01,0.24,0.01,0.04,N/A,0.08,N/A,0.09,0.25,0.12,0.04,0.30,0.18,-0.07,0.28,0.19,0.19,0.04,0.07,0.14,0.10,0.36,-0.02,0.06,0.23,0.18,0.25,0.31
N/A,N/A,N/A,N/A,N/A,N/A,N/A,N/A,N/A,N/A,N/A,N/A,N/A,N/A,N/A,N/A,N/A,N/A,N/A,N/A,N/A,N/A,N/A,N/A,N/A,N/A,N/A,N/A,N/A,N/A,N/A,N/A,N/A,N/A,N/A,N/A,N/A,N/A,N/A,N/A,N/A,N/A,N/A,N/A,N/A,N/A,N/A,N/A,N/A,N/A,N/A,N/A,N/A,N/A,N/A,N/A,N/A,N/A,N/A,N/A,N/A,N/A,N/A,N/A,N/A,N/A
0.12,N/A,0.19,0.21,N/A,1,0.34,0.10,N/A,0.27,0.20,0.13,0.38,0.15,N/A,0.25,-0.00,0.56,0.19,0.14,0.01,0.37,0.15,0.33,0.11,0.12,0.07,0.42,N/A,N/A,0.08,0.32,N/A,0.29,0.38,0.36,0.57,0.44,0.20,0.92,0.23,0.16,N/A,0.17,N/A,0.29,0.29,0.20,0.06,0.20,0.34,0.20,0.43,0.96,0.26,0.12,0.25,0.20,0.16,0.38,0.16,0.32,0.25,0.30,0.33,0.44
0.11,N/A,0.16,0.28,N/A,0.34,1,0.24,N/A,0.23,0.18,0.16,0.28,0.34,N/A,0.19,0.04,0.49,0.09,0.06,0.35,0.29,0.05,0.17,0.35,0.12,0.11,0.19,N/A,N/A,0.05,0.34,N/A,0.43,0.36,0.22,0.52,0.29,0.17,0.38,-0.03,0.07,N/A,0.16,N/A,0.15,0.38,0.17,0.01,0.29,0.44,0.05,0.49,0.29,0.25,0.03,0.14,0.10,0.04,0.48,0.04,0.20,0.23,0.17,0.27,0.37
-0.00,N/A,0.21,-0.07,N/A,0.10,0.24,1,N/A,0.10,0.06,-0.00,0.38,0.20,N/A,0.12,0.14,0.25,0.01,0.03,-0.04,0.03,0.13,0.10,0.03,0.09,0.15,0.12,N/A,N/A,0.11,0.17,N/A,0.02,0.11,0.17,0.40,0.22,-0.04,0.04,0.05,-0.03,N/A,-0.01,N/A,0.24,0.10,0.02,0.27,0.13,0.16,0.01,0.22,0.06,0.22,0.10,0.18,0.18,0.07,0.24,0.09,0.22,0.12,0.14,0.13,0.03
N/A,N/A,N/A,N/A,N/A,N/A,N/A,N/A,N/A,N/A,N/A,N/A,N/A,N/A,N/A,N/A,N/A,N/A,N/A,N/A,N/A,N/A,N/A,N/A,N/A,N/A,N/A,N/A,N/A,N/A,N/A,N/A,N/A,N/A,N/A,N/A,N/A,N/A,N/A,N/A,N/A,N/A,N/A,N/A,N/A,N/A,N/A,N/A,N/A,N/A,N/A,N/A,N/A,N/A,N/A,N/A,N/A,N/A,N/A,N/A,N/A,N/A,N/A,N/A,N/A,N/A
0.08,N/A,-0.01,0.26,N/A,0.27,0.23,0.10,N/A,1,0.17,0.13,0.18,0.21,N/A,0.09,0.07,0.40,0.26,0.03,0.06,0.28,0.19,0.25,0.24,0.17,0.24,0.30,N/A,N/A,0.18,0.15,N/A,0.36,0.23,0.23,0.38,0.21,0.07,0.20,0.04,0.09,N/A,0.11,N/A,0.08,0.25,-0.01,0.07,0.11,0.16,0.06,0.25,0.22,0.25,-0.13,0.06,0.06,0.10,0.27,-0.02,0.32,0.32,0.14,0.15,0.31
0.07,N/A,0.07,0.18,N/A,0.20,0.18,0.06,N/A,0.17,1,0.12,0.27,0.20,N/A,0.07,0.12,0.27,0.11,0.01,0.04,0.06,0.03,0.10,0.14,0.05,0.02,0.04,N/A,N/A,0.61,0.70,N/A,0.27,0.14,-0.01,0.36,0.20,0.01,0.19,0.01,0.10,N/A,-0.05,N/A,0.06,0.11,0.12,0.07,0.15,0.08,-0.06,0.11,0.17,0.07,0.17,0.13,0.18,0.11,0.26,0.00,0.39,0.11,0.03,0.09,0.15
0.03,N/A,-0.03,0.27,N/A,0.13,0.16,-0.00,N/A,0.13,0.12,1,0.14,0.11,N/A,-0.06,0.12,0.25,-0.05,0.13,-0.03,0.09,0.14,0.09,0.36,-0.03,0.09,0.09,N/A,N/A,0.20,0.11,N/A,0.39,0.06,0.08,0.20,0.15,0.07,0.14,0.20,-0.08,N/A,-0.02,N/A,-0.08,0.01,0.07,-0.02,0.26,0.16,0.19,0.13,0.09,0.05,0.02,0.04,0.16,-0.05,0.20,-0.06,0.12,0.03,0.04,0.00,0.05
0.14,N/A,0.31,0.06,N/A,0.38,0.28,0.38,N/A,0.18,0.27,0.14,1,0.30,N/A,0.33,0.03,0.55,0.12,0.07,0.04,0.20,0.15,0.38,0.15,0.19,0.32,0.30,N/A,N/A,0.17,0.34,N/A,0.17,0.33,0.27,0.45,0.39,0.08,0.34,-0.00,0.09,N/A,0.27,N/A,0.14,0.19,0.03,0.13,0.17,0.34,0.02,0.33,0.33,0.35,0.13,0.26,0.28,0.10,0.35,0.12,0.29,0.13,0.23,0.15,0.16
0.26,N/A,0.12,0.16,N/A,0.15,0.34,0.20,N/A,0.21,0.20,0.11,0.30,1,N/A,0.13,0.03,0.33,0.03,0.12,0.07,0.26,0.02,0.11,0.16,0.04,0.15,0.05,N/A,N/A,0.22,0.35,N/A,0.22,0.12,0.13,0.43,0.25,0.15,0.18,0.09,0.08,N/A,0.09,N/A,0.20,0.25,0.12,0.08,0.43,0.33,0.01,0.29,0.12,0.19,0.19,-0.00,0.01,0.10,0.25,0.22,0.15,0.30,0.21,0.19,0.19
N/A,N/A,N/A,N/A,N/A,N/A,N/A,N/A,N/A,N/A,N/A,N/A,N/A,N/A,N/A,N/A,N/A,N/A,N/A,N/A,N/A,N/A,N/A,N/A,N/A,N/A,N/A,N/A,N/A,N/A,N/A,N/A,N/A,N/A,N/A,N/A,N/A,N/A,N/A,N/A,N/A,N/A,N/A,N/A,N/A,N/A,N/A,N/A,N/A,N/A,N/A,N/A,N/A,N/A,N/A,N/A,N/A,N/A,N/A,N/A,N/A,N/A,N/A,N/A,N/A,N/A
0.14,N/A,0.41,0.00,N/A,0.25,0.19,0.12,N/A,0.09,0.07,-0.06,0.33,0.13,N/A,1,0.07,0.34,0.13,-0.00,0.14,0.35,-0.03,0.07,-0.01,0.02,0.15,0.12,N/A,N/A,0.05,0.12,N/A,0.16,0.24,-0.02,0.33,0.16,0.20,0.29,-0.01,0.06,N/A,-0.03,N/A,0.22,0.48,0.17,0.03,0.20,0.25,-0.00,0.28,0.24,0.18,0.09,0.17,0.04,0.16,0.40,0.07,0.11,0.26,0.09,0.14,0.32
0.05,N/A,0.30,0.04,N/A,-0.00,0.04,0.14,N/A,0.07,0.12,0.12,0.03,0.03,N/A,0.07,1,0.16,0.07,0.01,-0.03,0.00,0.14,0.07,-0.00,0.01,0.12,0.12,N/A,N/A,0.26,0.12,N/A,0.07,0.16,-0.10,0.13,0.05,-0.01,0.01,0.24,-0.02,N/A,-0.09,N/A,0.03,0.02,0.29,-0.02,0.19,0.13,0.10,0.10,0.01,-0.01,0.30,0.08,0.03,0.10,0.06,-0.08,0.05,0.10,0.01,0.04,0.04
0.22,N/A,0.34,0.26,N/A,0.56,0.49,0.25,N/A,0.40,0.27,0.25,0.55,0.33,N/A,0.34,0.16,1,0.29,0.15,0.09,0.33,0.19,0.31,0.40,0.20,0.34,0.41,N/A,N/A,0.35,0.43,N/A,0.40,0.42,0.34,0.75,0.37,0.19,0.53,0.13,0.19,N/A,0.23,N/A,0.29,0.28,0.26,0.12,0.33,0.46,0.12,0.49,0.46,0.38,0.13,0.26,0.23,0.20,0.47,0.07,0.46,0.36,0.20,0.22,0.45
0.07,N/A,0.35,0.09,N/A,0.19,0.09,0.01,N/A,0.26,0.11,-0.05,0.12,0.03,N/A,0.13,0.07,0.29,1,0.19,0.04,0.53,0.01,0.40,0.06,0.49,0.16,0.47,N/A,N/A,0.08,0.15,N/A,0.22,0.22,0.52,0.33,0.21,0.06,0.17,-0.02,0.04,N/A,0.28,N/A,0.27,0.20,0.18,0.00,0.17,0.24,-0.05,0.06,0.11,0.26,0.04,0.35,0.09,0.06,0.17,0.03,0.14,0.38,0.17,0.31,0.17
0.12,N/A,0.06,-0.03,N/A,0.14,0.06,0.03,N/A,0.03,0.01,0.13,0.07,0.12,N/A,-0.00,0.01,0.15,0.19,1,-0.01,0.10,0.02,0.11,-0.09,0.26,0.05,0.18,N/A,N/A,0.04,0.18,N/A,-0.04,0.10,0.19,0.21,0.19,0.62,0.17,0.04,-0.01,N/A,0.04,N/A,0.18,-0.02,0.12,0.01,0.21,0.33,0.09,0.06,0.11,0.21,-0.02,0.04,-0.01,-0.03,0.09,0.74,0.03,0.18,0.36,0.06,0.32
0.14,N/A,-0.03,0.02,N/A,0.01,0.35,-0.04,N/A,0.06,0.04,-0.03,0.04,0.07,N/A,0.14,-0.03,0.09,0.04,-0.01,1,0.12,-0.00,0.02,0.03,-0.01,0.02,0.03,N/A,N/A,-0.01,0.05,N/A,0.08,0.04,0.04,0.09,0.03,0.07,0.03,-0.05,0.03,N/A,-0.01,N/A,-0.02,0.31,-0.03,-0.03,-0.05,0.22,0.01,0.05,0.01,-0.00,-0.01,0.01,-0.01,0.12,0.05,0.02,0.01,0.11,0.01,0.04,0.11
0.12,N/A,0.22,0.23,N/A,0.37,0.29,0.03,N/A,0.28,0.06,0.09,0.20,0.26,N/A,0.35,0.00,0.33,0.53,0.10,0.12,1,0.07,0.38,0.22,0.26,0.13,0.46,N/A,N/A,0.06,0.10,N/A,0.43,0.28,0.43,0.42,0.40,0.12,0.39,0.22,0.02,N/A,0.19,N/A,0.26,0.48,0.11,-0.03,0.37,0.32,-0.04,0.31,0.33,0.30,0.02,0.24,0.11,0.25,0.29,0.09,0.06,0.54,0.17,0.28,0.30
0.04,N/A,0.01,0.20,N/A,0.15,0.05,0.13,N/A,0.19,0.03,0.14,0.15,0.02,N/A,-0.03,0.14,0.19,0.01,0.02,-0.00,0.07,1,0.01,0.23,-0.07,0.63,0.12,N/A,N/A,0.08,0.08,N/A,0.11,0.18,0.10,0.20,-0.00,0.03,0.11,0.04,0.05,N/A,0.04,N/A,0.07,0.03,0.10,-0.03,0.17,0.06,0.06,0.15,0.11,0.15,0.01,0.04,0.15,0.09,0.22,0.03,0.18,0.02,-0.00,0.02,0.10
0.06,N/A,0.18,0.09,N/A,0.33,0.17,0.10,N/A,0.25,0.10,0.09,0.38,0.11,N/A,0.07,0.07,0.31,0.40,0.11,0.02,0.38,0.01,1,0.06,0.32,0.14,0.55,N/A,N/A,0.03,0.20,N/A,0.16,0.12,0.59,0.31,0.39,0.02,0.24,0.12,0.04,N/A,0.49,N/A,0.16,0.13,0.13,-0.00,0.03,0.23,0.03,0.07,0.27,0.26,0.07,0.08,0.02,0.06,0.14,0.05,0.21,0.09,0.17,0.27,0.11
0.08,N/A,-0.01,0.49,N/A,0.11,0.35,0.03,N/A,0.24,0.14,0.36,0.15,0.16,N/A,-0.01,-0.00,0.40,0.06,-0.09,0.03,0.22,0.23,0.06,1,-0.02,0.16,0.18,N/A,N/A,0.20,0.21,N/A,0.57,0.20,0.12,0.23,0.04,-0.03,0.10,0.10,0.03,N/A,0.08,N/A,-0.00,0.19,0.00,-0.01,0.18,0.20,0.11,0.30,0.09,0.14,0.01,-0.00,0.13,0.10,0.26,-0.09,0.14,0.10,-0.06,0.08,0.12
0.15,N/A,0.34,-0.06,N/A,0.12,0.12,0.09,N/A,0.17,0.05,-0.03,0.19,0.04,N/A,0.02,0.01,0.20,0.49,0.26,-0.01,0.26,-0.07,0.32,-0.02,1,0.01,0.26,N/A,N/A,-0.08,0.06,N/A,-0.01,-0.00,0.34,0.24,0.35,-0.09,0.03,0.00,-0.01,N/A,0.06,N/A,0.19,-0.02,0.05,-0.02,0.19,0.24,0.07,0.16,0.06,0.22,-0.04,0.05,-0.09,-0.12,0.07,0.03,-0.07,0.21,0.16,0.34,0.05
0.12,N/A,0.07,0.18,N/A,0.07,0.11,0.15,N/A,0.24,0.02,0.09,0.32,0.15,N/A,0.15,0.12,0.34,0.16,0.05,0.02,0.13,0.63,0.14,0.16,0.01,1,0.13,N/A,N/A,0.09,0.11,N/A,0.10,0.18,0.07,0.28,0.09,0.08,0.09,-0.08,0.10,N/A,0.19,N/A,0.12,0.08,0.15,0.07,0.23,0.22,0.04,0.17,0.08,0.18,-0.07,0.00,0.10,0.09,0.31,0.05,0.15,0.08,0.07,-0.03,0.15
0.12,N/A,0.17,0.10,N/A,0.42,0.19,0.12,N/A,0.30,0.04,0.09,0.30,0.05,N/A,0.12,0.12,0.41,0.47,0.18,0.03,0.46,0.12,0.55,0.18,0.26,0.13,1,N/A,N/A,0.13,0.13,N/A,0.19,0.38,0.67,0.35,0.38,0.10,0.33,0.22,0.04,N/A,0.40,N/A,0.26,0.21,0.16,-0.03,0.09,0.33,0.12,0.25,0.33,0.26,-0.06,0.24,0.16,0.09,0.15,0.08,0.27,0.24,0.16,0.23,0.33
N/A,N/A,N/A,N/A,N/A,N/A,N/A,N/A,N/A,N/A,N/A,N/A,N/A,N/A,N/A,N/A,N/A,N/A,N/A,N/A,N/A,N/A,N/A,N/A,N/A,N/A,N/A,N/A,N/A,N/A,N/A,N/A,N/A,N/A,N/A,N/A,N/A,N/A,N/A,N/A,N/A,N/A,N/A,N/A,N/A,N/A,N/A,N/A,N/A,N/A,N/A,N/A,N/A,N/A,N/A,N/A,N/A,N/A,N/A,N/A,N/A,N/A,N/A,N/A,N/A,N/A
N/A,N/A,N/A,N/A,N/A,N/A,N/A,N/A,N/A,N/A,N/A,N/A,N/A,N/A,N/A,N/A,N/A,N/A,N/A,N/A,N/A,N/A,N/A,N/A,N/A,N/A,N/A,N/A,N/A,N/A,N/A,N/A,N/A,N/A,N/A,N/A,N/A,N/A,N/A,N/A,N/A,N/A,N/A,N/A,N/A,N/A,N/A,N/A,N/A,N/A,N/A,N/A,N/A,N/A,N/A,N/A,N/A,N/A,N/A,N/A,N/A,N/A,N/A,N/A,N/A,N/A
-0.07,N/A,0.05,0.11,N/A,0.08,0.05,0.11,N/A,0.18,0.61,0.20,0.17,0.22,N/A,0.05,0.26,0.35,0.08,0.04,-0.01,0.06,0.08,0.03,0.20,-0.08,0.09,0.13,N/A,N/A,1,0.38,N/A,0.24,0.15,0.02,0.26,-0.01,0.09,0.08,0.26,0.10,N/A,-0.06,N/A,0.03,0.04,0.18,0.11,0.15,0.11,0.18,0.14,0.03,0.07,0.23,0.03,0.11,0.00,0.11,0.03,0.34,0.10,-0.03,0.04,0.10
0.32,N/A,0.18,0.17,N/A,0.32,0.34,0.17,N/A,0.15,0.70,0.11,0.34,0.35,N/A,0.12,0.12,0.43,0.15,0.18,0.05,0.10,0.08,0.20,0.21,0.06,0.11,0.13,N/A,N/A,0.38,1,N/A,0.24,0.21,0.12,0.53,0.26,0.11,0.31,0.01,0.13,N/A,0.01,N/A,0.09,0.16,0.16,0.11,0.25,0.15,-0.06,0.18,0.26,0.14,0.29,0.16,0.12,0.19,0.27,0.08,0.43,0.11,0.23,0.10,0.23
N/A,N/A,N/A,N/A,N/A,N/A,N/A,N/A,N/A,N/A,N/A,N/A,N/A,N/A,N/A,N/A,N/A,N/A,N/A,N/A,N/A,N/A,N/A,N/A,N/A,N/A,N/A,N/A,N/A,N/A,N/A,N/A,N/A,N/A,N/A,N/A,N/A,N/A,N/A,N/A,N/A,N/A,N/A,N/A,N/A,N/A,N/A,N/A,N/A,N/A,N/A,N/A,N/A,N/A,N/A,N/A,N/A,N/A,N/A,N/A,N/A,N/A,N/A,N/A,N/A,N/A
0.09,N/A,0.07,0.64,N/A,0.29,0.43,0.02,N/A,0.36,0.27,0.39,0.17,0.22,N/A,0.16,0.07,0.40,0.22,-0.04,0.08,0.43,0.11,0.16,0.57,-0.01,0.10,0.19,N/A,N/A,0.24,0.24,N/A,1,0.25,0.17,0.42,0.14,0.11,0.30,0.20,0.05,N/A,0.06,N/A,0.11,0.41,-0.00,0.01,0.29,0.24,0.09,0.34,0.26,0.22,0.05,0.11,0.17,0.18,0.35,-0.09,0.14,0.29,0.15,0.32,0.28
0.16,N/A,0.21,0.25,N/A,0.38,0.36,0.11,N/A,0.23,0.14,0.06,0.33,0.12,N/A,0.24,0.16,0.42,0.22,0.10,0.04,0.28,0.18,0.12,0.20,-0.00,0.18,0.38,N/A,N/A,0.15,0.21,N/A,0.25,1,0.19,0.39,0.29,0.16,0.34,0.07,0.02,N/A,0.16,N/A,0.18,0.22,0.20,-0.03,0.19,0.37,-0.00,0.46,0.29,0.26,-0.04,0.30,0.20,0.11,0.49,0.04,0.25,0.16,0.17,0.37,0.40
0.10,N/A,0.11,0.06,N/A,0.36,0.22,0.17,N/A,0.23,-0.01,0.08,0.27,0.13,N/A,-0.02,-0.10,0.34,0.52,0.19,0.04,0.43,0.10,0.59,0.12,0.34,0.07,0.67,N/A,N/A,0.02,0.12,N/A,0.17,0.19,1,0.34,0.26,0.00,0.24,0.18,0.04,N/A,0.41,N/A,0.32,0.19,0.11,-0.10,0.01,0.25,0.07,0.09,0.26,0.33,0.00,0.09,-0.01,0.06,0.14,0.11,0.23,0.26,0.25,0.19,0.14
0.24,N/A,0.34,0.30,N/A,0.57,0.52,0.40,N/A,0.38,0.36,0.20,0.45,0.43,N/A,0.33,0.13,0.75,0.33,0.21,0.09,0.42,0.20,0.31,0.23,0.24,0.28,0.35,N/A,N/A,0.26,0.53,N/A,0.42,0.39,0.34,1,0.49,0.22,0.57,0.09,0.23,N/A,0.12,N/A,0.35,0.38,0.28,0.13,0.41,0.58,0.06,0.56,0.49,0.37,0.08,0.28,0.20,0.21,0.52,0.14,0.41,0.45,0.30,0.37,0.46
0.22,N/A,0.25,0.07,N/A,0.44,0.29,0.22,N/A,0.21,0.20,0.15,0.39,0.25,N/A,0.16,0.05,0.37,0.21,0.19,0.03,0.40,-0.00,0.39,0.04,0.35,0.09,0.38,N/A,N/A,-0.01,0.26,N/A,0.14,0.29,0.26,0.49,1,0.04,0.37,0.04,-0.03,N/A,-0.00,N/A,0.27,0.27,0.10,-0.09,0.29,0.41,-0.05,0.32,0.39,0.19,-0.04,0.13,0.11,0.10,0.25,0.11,0.19,0.32,0.15,0.35,0.18
0.12,N/A,0.06,-0.01,N/A,0.20,0.17,-0.04,N/A,0.07,0.01,0.07,0.08,0.15,N/A,0.20,-0.01,0.19,0.06,0.62,0.07,0.12,0.03,0.02,-0.03,-0.09,0.08,0.10,N/A,N/A,0.09,0.11,N/A,0.11,0.16,0.00,0.22,0.04,1,0.32,0.10,0.03,N/A,0.08,N/A,0.01,0.10,-0.01,0.05,0.03,0.32,0.07,0.12,0.18,0.02,-0.02,0.04,0.04,0.10,0.13,0.76,0.02,0.09,0.04,0.11,0.38
0.16,N/A,0.16,0.24,N/A,0.92,0.38,0.04,N/A,0.20,0.19,0.14,0.34,0.18,N/A,0.29,0.01,0.53,0.17,0.17,0.03,0.39,0.11,0.24,0.10,0.03,0.09,0.33,N/A,N/A,0.08,0.31,N/A,0.30,0.34,0.24,0.57,0.37,0.32,1,0.19,0.21,N/A,0.13,N/A,0.23,0.36,0.21,0.14,0.24,0.37,0.17,0.45,0.92,0.30,0.09,0.27,0.21,0.28,0.43,0.22,0.30,0.26,0.25,0.32,0.55
0.03,N/A,0.03,0.01,N/A,0.23,-0.03,0.05,N/A,0.04,0.01,0.20,-0.00,0.09,N/A,-0.01,0.24,0.13,-0.02,0.04,-0.05,0.22,0.04,0.12,0.10,0.00,-0.08,0.22,N/A,N/A,0.26,0.01,N/A,0.20,0.07,0.18,0.09,0.04,0.10,0.19,1,0.04,N/A,0.01,N/A,0.13,0.00,0.09,-0.01,0.21,0.04,0.16,0.10,0.23,0.04,0.02,-0.03,0.03,-0.01,-0.08,0.01,0.00,0.10,-0.04,0.12,-0.02
0.00,N/A,0.09,0.04,N/A,0.16,0.07,-0.03,N/A,0.09,0.10,-0.08,0.09,0.08,N/A,0.06,-0.02,0.19,0.04,-0.01,0.03,0.02,0.05,0.04,0.03,-0.01,0.10,0.04,N/A,N/A,0.10,0.13,N/A,0.05,0.02,0.04,0.23,-0.03,0.03,0.21,0.04,1,N/A,0.00,N/A,0.03,0.07,-0.01,0.03,0.02,0.06,0.02,0.23,0.15,0.08,-0.02,0.03,0.03,0.15,0.11,0.05,0.24,-0.05,0.10,-0.02,0.15
N/A,N/A,N/A,N/A,N/A,N/A,N/A,N/A,N/A,N/A,N/A,N/A,N/A,N/A,N/A,N/A,N/A,N/A,N/A,N/A,N/A,N/A,N/A,N/A,N/A,N/A,N/A,N/A,N/A,N/A,N/A,N/A,N/A,N/A,N/A,N/A,N/A,N/A,N/A,N/A,N/A,N/A,N/A,N/A,N/A,N/A,N/A,N/A,N/A,N/A,N/A,N/A,N/A,N/A,N/A,N/A,N/A,N/A,N/A,N/A,N/A,N/A,N/A,N/A,N/A,N/A
-0.08,N/A,0.06,0.08,N/A,0.17,0.16,-0.01,N/A,0.11,-0.05,-0.02,0.27,0.09,N/A,-0.03,-0.09,0.23,0.28,0.04,-0.01,0.19,0.04,0.49,0.08,0.06,0.19,0.40,N/A,N/A,-0.06,0.01,N/A,0.06,0.16,0.41,0.12,-0.00,0.08,0.13,0.01,0.00,N/A,1,N/A,0.04,0.03,0.08,-0.01,-0.03,0.28,0.02,-0.01,0.14,0.40,-0.11,0.16,0.10,-0.01,0.14,0.09,0.06,-0.05,0.15,0.01,0.06
N/A,N/A,N/A,N/A,N/A,N/A,N/A,N/A,N/A,N/A,N/A,N/A,N/A,N/A,N/A,N/A,N/A,N/A,N/A,N/A,N/A,N/A,N/A,N/A,N/A,N/A,N/A,N/A,N/A,N/A,N/A,N/A,N/A,N/A,N/A,N/A,N/A,N/A,N/A,N/A,N/A,N/A,N/A,N/A,N/A,N/A,N/A,N/A,N/A,N/A,N/A,N/A,N/A,N/A,N/A,N/A,N/A,N/A,N/A,N/A,N/A,N/A,N/A,N/A,N/A,N/A
0.08,N/A,0.17,0.09,N/A,0.29,0.15,0.24,N/A,0.08,0.06,-0.08,0.14,0.20,N/A,0.22,0.03,0.29,0.27,0.18,-0.02,0.26,0.07,0.16,-0.00,0.19,0.12,0.26,N/A,N/A,0.03,0.09,N/A,0.11,0.18,0.32,0.35,0.27,0.01,0.23,0.13,0.03,N/A,0.04,N/A,1,0.16,0.48,-0.02,0.17,0.15,-0.06,0.36,0.25,0.32,-0.02,0.08,0.02,0.01,0.14,0.08,0.10,0.33,0.28,0.18,0.17
0.18,N/A,0.06,0.25,N/A,0.29,0.38,0.10,N/A,0.25,0.11,0.01,0.19,0.25,N/A,0.48,0.02,0.28,0.20,-0.02,0.31,0.48,0.03,0.13,0.19,-0.02,0.08,0.21,N/A,N/A,0.04,0.16,N/A,0.41,0.22,0.19,0.38,0.27,0.10,0.36,0.00,0.07,N/A,0.03,N/A,0.16,1,-0.02,0.07,0.29,0.37,-0.02,0.36,0.28,0.26,0.01,0.08,-0.01,0.30,0.59,0.05,0.10,0.35,0.11,0.16,0.28
-0.01,N/A,0.16,0.12,N/A,0.20,0.17,0.02,N/A,-0.01,0.12,0.07,0.03,0.12,N/A,0.17,0.29,0.26,0.18,0.12,-0.03,0.11,0.10,0.13,0.00,0.05,0.15,0.16,N/A,N/A,0.18,0.16,N/A,-0.00,0.20,0.11,0.28,0.10,-0.01,0.21,0.09,-0.01,N/A,0.08,N/A,0.48,-0.02,1,0.08,0.17,0.17,-0.04,0.24,0.17,0.31,0.07,0.15,0.12,-0.05,0.16,0.01,0.11,0.13,0.17,0.09,0.15
0.03,N/A,0.02,0.04,N/A,0.06,0.01,0.27,N/A,0.07,0.07,-0.02,0.13,0.08,N/A,0.03,-0.02,0.12,0.00,0.01,-0.03,-0.03,-0.03,-0.00,-0.01,-0.02,0.07,-0.03,N/A,N/A,0.11,0.11,N/A,0.01,-0.03,-0.10,0.13,-0.09,0.05,0.14,-0.01,0.03,N/A,-0.01,N/A,-0.02,0.07,0.08,1,0.01,0.01,0.01,0.14,0.05,0.15,-0.04,0.21,0.21,0.17,0.10,0.01,0.08,-0.00,-0.00,0.07,0.03
0.13,N/A,0.20,0.30,N/A,0.20,0.29,0.13,N/A,0.11,0.15,0.26,0.17,0.43,N/A,0.20,0.19,0.33,0.17,0.21,-0.05,0.37,0.17,0.03,0.18,0.19,0.23,0.09,N/A,N/A,0.15,0.25,N/A,0.29,0.19,0.01,0.41,0.29,0.03,0.24,0.21,0.02,N/A,-0.03,N/A,0.17,0.29,0.17,0.01,1,0.30,-0.05,0.42,0.17,0.17,-0.02,0.19,0.16,0.13,0.40,0.10,0.05,0.31,0.10,0.11,0.24
0.03,N/A,0.31,0.18,N/A,0.34,0.44,0.16,N/A,0.16,0.08,0.16,0.34,0.33,N/A,0.25,0.13,0.46,0.24,0.33,0.22,0.32,0.06,0.23,0.20,0.24,0.22,0.33,N/A,N/A,0.11,0.15,N/A,0.24,0.37,0.25,0.58,0.41,0.32,0.37,0.04,0.06,N/A,0.28,N/A,0.15,0.37,0.17,0.01,0.30,1,0.24,0.50,0.31,0.29,0.04,0.19,0.10,0.00,0.52,0.28,0.13,0.28,0.29,0.40,0.41
-0.01,N/A,0.01,-0.07,N/A,0.20,0.05,0.01,N/A,0.06,-0.06,0.19,0.02,0.01,N/A,-0.00,0.10,0.12,-0.05,0.09,0.01,-0.04,0.06,0.03,0.11,0.07,0.04,0.12,N/A,N/A,0.18,-0.06,N/A,0.09,-0.00,0.07,0.06,-0.05,0.07,0.17,0.16,0.02,N/A,0.02,N/A,-0.06,-0.02,-0.04,0.01,-0.05,0.24,1,0.14,0.23,0.07,0.02,-0.11,0.07,0.08,0.02,-0.01,0.10,-0.09,0.11,-0.05,0.09
0.10,N/A,0.21,0.28,N/A,0.43,0.49,0.22,N/A,0.25,0.11,0.13,0.33,0.29,N/A,0.28,0.10,0.49,0.06,0.06,0.05,0.31,0.15,0.07,0.30,0.16,0.17,0.25,N/A,N/A,0.14,0.18,N/A,0.34,0.46,0.09,0.56,0.32,0.12,0.45,0.10,0.23,N/A,-0.01,N/A,0.36,0.36,0.24,0.14,0.42,0.50,0.14,1,0.36,0.30,-0.04,0.15,0.13,0.06,0.57,-0.02,0.22,0.32,0.18,0.29,0.45
0.11,N/A,0.14,0.19,N/A,0.96,0.29,0.06,N/A,0.22,0.17,0.09,0.33,0.12,N/A,0.24,0.01,0.46,0.11,0.11,0.01,0.33,0.11,0.27,0.09,0.06,0.08,0.33,N/A,N/A,0.03,0.26,N/A,0.26,0.29,0.26,0.49,0.39,0.18,0.92,0.23,0.15,N/A,0.14,N/A,0.25,0.28,0.17,0.05,0.17,0.31,0.23,0.36,1,0.24,0.10,0.19,0.18,0.20,0.35,0.17,0.28,0.25,0.27,0.26,0.42
0.06,N/A,0.11,0.19,N/A,0.26,0.25,0.22,N/A,0.25,0.07,0.05,0.35,0.19,N/A,0.18,-0.01,0.38,0.26,0.21,-0.00,0.30,0.15,0.26,0.14,0.22,0.18,0.26,N/A,N/A,0.07,0.14,N/A,0.22,0.26,0.33,0.37,0.19,0.02,0.30,0.04,0.08,N/A,0.40,N/A,0.32,0.26,0.31,0.15,0.17,0.29,0.07,0.30,0.24,1,-0.02,0.07,0.03,0.14,0.34,0.13,0.23,0.09,0.29,0.16,0.24
-0.07,N/A,0.30,0.04,N/A,0.12,0.03,0.10,N/A,-0.13,0.17,0.02,0.13,0.19,N/A,0.09,0.30,0.13,0.04,-0.02,-0.01,0.02,0.01,0.07,0.01,-0.04,-0.07,-0.06,N/A,N/A,0.23,0.29,N/A,0.05,-0.04,0.00,0.08,-0.04,-0.02,0.09,0.02,-0.02,N/A,-0.11,N/A,-0.02,0.01,0.07,-0.04,-0.02,0.04,0.02,-0.04,0.10,-0.02,1,0.03,-0.04,-0.04,-0.05,-0.03,0.07,0.01,0.20,0.07,0.05
0.06,N/A,0.40,0.07,N/A,0.25,0.14,0.18,N/A,0.06,0.13,0.04,0.26,-0.00,N/A,0.17,0.08,0.26,0.35,0.04,0.01,0.24,0.04,0.08,-0.00,0.05,0.00,0.24,N/A,N/A,0.03,0.16,N/A,0.11,0.30,0.09,0.28,0.13,0.04,0.27,-0.03,0.03,N/A,0.16,N/A,0.08,0.08,0.15,0.21,0.19,0.19,-0.11,0.15,0.19,0.07,0.03,1,0.73,0.02,0.26,0.02,0.27,0.24,0.17,0.24,0.13
-0.01,N/A,0.15,0.14,N/A,0.20,0.10,0.18,N/A,0.06,0.18,0.16,0.28,0.01,N/A,0.04,0.03,0.23,0.09,-0.01,-0.01,0.11,0.15,0.02,0.13,-0.09,0.10,0.16,N/A,N/A,0.11,0.12,N/A,0.17,0.20,-0.01,0.20,0.11,0.04,0.21,0.03,0.03,N/A,0.10,N/A,0.02,-0.01,0.12,0.21,0.16,0.10,0.07,0.13,0.18,0.03,-0.04,0.73,1,0.06,0.18,0.02,0.25,0.09,0.18,0.04,0.09
0.19,N/A,0.05,0.10,N/A,0.16,0.04,0.07,N/A,0.10,0.11,-0.05,0.10,0.10,N/A,0.16,0.10,0.20,0.06,-0.03,0.12,0.25,0.09,0.06,0.10,-0.12,0.09,0.09,N/A,N/A,0.00,0.19,N/A,0.18,0.11,0.06,0.21,0.10,0.10,0.28,-0.01,0.15,N/A,-0.01,N/A,0.01,0.30,-0.05,0.17,0.13,0.00,0.08,0.06,0.20,0.14,-0.04,0.02,0.06,1,0.20,0.06,0.14,0.11,0.06,-0.04,0.16
0.16,N/A,0.14,0.36,N/A,0.38,0.48,0.24,N/A,0.27,0.26,0.20,0.35,0.25,N/A,0.40,0.06,0.47,0.17,0.09,0.05,0.29,0.22,0.14,0.26,0.07,0.31,0.15,N/A,N/A,0.11,0.27,N/A,0.35,0.49,0.14,0.52,0.25,0.13,0.43,-0.08,0.11,N/A,0.14,N/A,0.14,0.59,0.16,0.10,0.40,0.52,0.02,0.57,0.35,0.34,-0.05,0.26,0.18,0.20,1,0.08,0.22,0.31,0.20,0.22,0.50
0.03,N/A,0.02,-0.02,N/A,0.16,0.04,0.09,N/A,-0.02,0.00,-0.06,0.12,0.22,N/A,0.07,-0.08,0.07,0.03,0.74,0.02,0.09,0.03,0.05,-0.09,0.03,0.05,0.08,N/A,N/A,0.03,0.08,N/A,-0.09,0.04,0.11,0.14,0.11,0.76,0.22,0.01,0.05,N/A,0.09,N/A,0.08,0.05,0.01,0.01,0.10,0.28,-0.01,-0.02,0.17,0.13,-0.03,0.02,0.02,0.06,0.08,1,-0.02,0.04,0.09,0.02,0.25
0.12,N/A,0.12,0.06,N/A,0.32,0.20,0.22,N/A,0.32,0.39,0.12,0.29,0.15,N/A,0.11,0.05,0.46,0.14,0.03,0.01,0.06,0.18,0.21,0.14,-0.07,0.15,0.27,N/A,N/A,0.34,0.43,N/A,0.14,0.25,0.23,0.41,0.19,0.02,0.30,0.00,0.24,N/A,0.06,N/A,0.10,0.10,0.11,0.08,0.05,0.13,0.10,0.22,0.28,0.23,0.07,0.27,0.25,0.14,0.22,-0.02,1,0.03,0.15,-0.02,0.27
0.22,N/A,0.27,0.23,N/A,0.25,0.23,0.12,N/A,0.32,0.11,0.03,0.13,0.30,N/A,0.26,0.10,0.36,0.38,0.18,0.11,0.54,0.02,0.09,0.10,0.21,0.08,0.24,N/A,N/A,0.10,0.11,N/A,0.29,0.16,0.26,0.45,0.32,0.09,0.26,0.10,-0.05,N/A,-0.05,N/A,0.33,0.35,0.13,-0.00,0.31,0.28,-0.09,0.32,0.25,0.09,0.01,0.24,0.09,0.11,0.31,0.04,0.03,1,0.21,0.23,0.35
0.11,N/A,0.14,0.18,N/A,0.30,0.17,0.14,N/A,0.14,0.03,0.04,0.23,0.21,N/A,0.09,0.01,0.20,0.17,0.36,0.01,0.17,-0.00,0.17,-0.06,0.16,0.07,0.16,N/A,N/A,-0.03,0.23,N/A,0.15,0.17,0.25,0.30,0.15,0.04,0.25,-0.04,0.10,N/A,0.15,N/A,0.28,0.11,0.17,-0.00,0.10,0.29,0.11,0.18,0.27,0.29,0.20,0.17,0.18,0.06,0.20,0.09,0.15,0.21,1,0.21,0.22
0.08,N/A,0.30,0.25,N/A,0.33,0.27,0.13,N/A,0.15,0.09,0.00,0.15,0.19,N/A,0.14,0.04,0.22,0.31,0.06,0.04,0.28,0.02,0.27,0.08,0.34,-0.03,0.23,N/A,N/A,0.04,0.10,N/A,0.32,0.37,0.19,0.37,0.35,0.11,0.32,0.12,-0.02,N/A,0.01,N/A,0.18,0.16,0.09,0.07,0.11,0.40,-0.05,0.29,0.26,0.16,0.07,0.24,0.04,-0.04,0.22,0.02,-0.02,0.23,0.21,1,0.22
0.20,N/A,0.12,0.31,N/A,0.44,0.37,0.03,N/A,0.31,0.15,0.05,0.16,0.19,N/A,0.32,0.04,0.45,0.17,0.32,0.11,0.30,0.10,0.11,0.12,0.05,0.15,0.33,N/A,N/A,0.10,0.23,N/A,0.28,0.40,0.14,0.46,0.18,0.38,0.55,-0.02,0.15,N/A,0.06,N/A,0.17,0.28,0.15,0.03,0.24,0.41,0.09,0.45,0.42,0.24,0.05,0.13,0.09,0.16,0.50,0.25,0.27,0.35,0.22,0.22,1
