1,0.34,N/A,0.14,0.36,0.20,0.36,0.22,0.34,0.34
0.34,1,N/A,0.45,0.34,0.34,0.02,0.09,0.42,0.42
N/A,N/A,N/A,N/A,N/A,N/A,N/A,N/A,N/A,N/A
0.14,0.45,N/A,1,0.07,0.38,0.05,0.14,0.46,0.46
0.36,0.34,N/A,0.07,1,0.15,0.24,0.34,0.26,0.26
0.20,0.34,N/A,0.38,0.15,1,0.09,0.39,0.41,0.41
0.36,0.02,N/A,0.05,0.24,0.09,1,0.25,0.14,0.14
0.22,0.09,N/A,0.14,0.34,0.39,0.25,1,0.36,0.36
0.34,0.42,N/A,0.46,0.26,0.41,0.14,0.36,1,1.00
0.34,0.42,N/A,0.46,0.26,0.41,0.14,0.36,1.00,1
