1,1.00,N/A,0.99,0.47,0.98,0.62,0.22,0.72,0.15
1.00,1,N/A,0.99,0.46,0.98,0.61,0.21,0.72,0.14
N/A,N/A,N/A,N/A,N/A,N/A,N/A,N/A,N/A,N/A
0.99,0.99,N/A,1,0.48,0.97,0.62,0.24,0.72,0.17
0.47,0.46,N/A,0.48,1,0.52,0.82,0.49,0.63,0.42
0.98,0.98,N/A,0.97,0.52,1,0.66,0.26,0.74,0.20
0.62,0.61,N/A,0.62,0.82,0.66,1,0.54,0.49,0.35
0.22,0.21,N/A,0.24,0.49,0.26,0.54,1,0.21,0.24
0.72,0.72,N/A,0.72,0.63,0.74,0.49,0.21,1,0.18
0.15,0.14,N/A,0.17,0.42,0.20,0.35,0.24,0.18,1
