1,0.04,0.41,0.25,0.24,-0.02,0.27,0.17,0.20,0.22
0.04,1,0.22,0.05,0.25,0.03,0.12,0.17,0.09,0.34
0.41,0.22,1,0.25,0.16,-0.01,0.39,0.16,0.28,0.36
0.25,0.05,0.25,1,-0.02,-0.02,0.27,0.33,0.60,0.17
0.24,0.25,0.16,-0.02,1,0.02,0.05,0.14,-0.01,0.25
-0.02,0.03,-0.01,-0.02,0.02,1,0.02,-0.00,0.08,-0.06
0.27,0.12,0.39,0.27,0.05,0.02,1,0.31,0.48,0.28
0.17,0.17,0.16,0.33,0.14,-0.00,0.31,1,0.38,0.14
0.20,0.09,0.28,0.60,-0.01,0.08,0.48,0.38,1,0.09
0.22,0.34,0.36,0.17,0.25,-0.06,0.28,0.14,0.09,1
