1,0.78,0.12,0.82,0.37,0.44,0.04,0.84,0.35,0.66
0.78,1,0.16,0.74,0.40,0.31,-0.03,0.76,0.31,0.54
0.12,0.16,1,0.22,0.14,0.19,0.12,0.20,-0.15,0.05
0.82,0.74,0.22,1,0.45,0.34,0.01,0.97,0.32,0.64
0.37,0.40,0.14,0.45,1,0.23,-0.00,0.48,0.24,0.41
0.44,0.31,0.19,0.34,0.23,1,0.10,0.33,0.13,0.23
0.04,-0.03,0.12,0.01,-0.00,0.10,1,0.01,-0.07,0.04
0.84,0.76,0.20,0.97,0.48,0.33,0.01,1,0.32,0.62
0.35,0.31,-0.15,0.32,0.24,0.13,-0.07,0.32,1,0.35
0.66,0.54,0.05,0.64,0.41,0.23,0.04,0.62,0.35,1
