1,0.38,0.23,0.27,0.37,0.22,0.18,0.29
0.38,1,0.26,0.39,0.44,0.38,0.23,0.12
0.23,0.26,1,0.02,0.30,0.10,0.08,-0.13
0.27,0.39,0.02,1,0.33,0.40,0.33,0.31
0.37,0.44,0.30,0.33,1,0.31,0.31,0.26
0.22,0.38,0.10,0.40,0.31,1,0.26,0.08
0.18,0.23,0.08,0.33,0.31,0.26,1,0.11
0.29,0.12,-0.13,0.31,0.26,0.08,0.11,1
