1,0.21,0.22,0.22,0.67,0.14
0.21,1,0.45,0.72,0.07,0.34
0.22,0.45,1,0.45,0.12,0.41
0.22,0.72,0.45,1,0.08,0.31
0.67,0.07,0.12,0.08,1,0.04
0.14,0.34,0.41,0.31,0.04,1
